     0    0.200000    0.300000
   0.2    0.259776    0.297559
   0.4    0.319024    0.294720
0.6000000000000001    0.377665    0.291492
   0.8    0.435621    0.287886
   1.0    0.492820    0.283913
1.2000000000000002    0.549187    0.279587
1.4000000000000001    0.604655    0.274921
   1.6    0.659156    0.269928
   1.8    0.712626    0.264622
   2.0    0.765005    0.259020
   2.2    0.816235    0.253135
2.4000000000000004    0.866260    0.246983
   2.6    0.915029    0.240578
2.8000000000000003    0.962492    0.233935
   3.0    1.008603    0.227069
   3.2    1.053320    0.219995
3.4000000000000004    1.096602    0.212725
   3.6    1.138411    0.205275
3.8000000000000003    1.178712    0.197656
   4.0    1.217474    0.189882
   4.2    1.254666    0.181964
   4.4    1.290260    0.173914
4.6000000000000005    1.324232    0.165742
4.800000000000001    1.356557    0.157459
   5.0    1.387216    0.149075
   5.2    1.416188    0.140598
   5.4    1.443455    0.132037
5.6000000000000005    1.469003    0.123400
5.800000000000001    1.492816    0.114695
   6.0    1.514881    0.105929
   6.2    1.535188    0.097107
   6.4    1.553725    0.088237
6.6000000000000005    1.570483    0.079325
6.800000000000001    1.585455    0.070376
   7.0    1.598634    0.061396
   7.2    1.610014    0.052390
   7.4    1.619590    0.043364
7.6000000000000005    1.627359    0.034322
7.800000000000001    1.633319    0.025271
   8.0    1.637468    0.016216
8.200000000000001    1.639806    0.007163
   8.4    1.640333   -0.001883
   8.6    1.639053   -0.010915
   8.8    1.635968   -0.019926
   9.0    1.631083   -0.028909
9.200000000000001    1.624405   -0.037856
   9.4    1.615941   -0.046758
9.600000000000001    1.605702   -0.055607
   9.8    1.593699   -0.064393
  10.0    1.579945   -0.073105
10.200000000000001    1.564457   -0.081732
  10.4    1.547253   -0.090261
10.600000000000001    1.528353   -0.098681
  10.8    1.507781   -0.106976
  11.0    1.485564   -0.115132
11.200000000000001    1.461729   -0.123133
  11.4    1.436311   -0.130964
11.600000000000001    1.409345   -0.138606
  11.8    1.380869   -0.146043
  12.0    1.350928   -0.153255
12.200000000000001    1.319568   -0.160225
  12.4    1.286839   -0.166931
12.600000000000001    1.252796   -0.173356
  12.8    1.217497   -0.179479
  13.0    1.181005   -0.185280
13.200000000000001    1.143386   -0.190740
  13.4    1.104710   -0.195841
13.600000000000001    1.065050   -0.200563
  13.8    1.024485   -0.204890
  14.0    0.983095   -0.208805
14.200000000000001    0.940964   -0.212291
  14.4    0.898179   -0.215337
14.600000000000001    0.854830   -0.217928
  14.8    0.811008   -0.220056
  15.0    0.766808   -0.221710
15.200000000000001    0.722324   -0.222884
  15.4    0.677654   -0.223574
15.600000000000001    0.632895   -0.223778
  15.8    0.588143   -0.223494
  16.0    0.543497   -0.222726
  16.2    0.499053   -0.221477
16.400000000000002    0.454906   -0.219753
  16.6    0.411151   -0.217564
  16.8    0.367880   -0.214919
  17.0    0.325183   -0.211830
  17.2    0.283148   -0.208312
17.400000000000002    0.241858   -0.204379
  17.6    0.201395   -0.200049
  17.8    0.161838   -0.195338
  18.0    0.123259   -0.190266
  18.2    0.085731   -0.184851
18.400000000000002    0.049318   -0.179114
  18.6    0.014084   -0.173075
  18.8   -0.019913   -0.166754
  19.0   -0.052618   -0.160172
19.200000000000003   -0.083982   -0.153349
19.400000000000002   -0.113959   -0.146305
  19.6   -0.142505   -0.139059
  19.8   -0.169583   -0.131632
  20.0   -0.195158   -0.124042
20.200000000000003   -0.219201   -0.116307
20.400000000000002   -0.241682   -0.108445
  20.6   -0.262579   -0.100472
  20.8   -0.281871   -0.092405
  21.0   -0.299542   -0.084261
21.200000000000003   -0.315576   -0.076053
21.400000000000002   -0.329964   -0.067796
  21.6   -0.342695   -0.059505
  21.8   -0.353766   -0.051192
  22.0   -0.363173   -0.042871
22.200000000000003   -0.370915   -0.034554
22.400000000000002   -0.376995   -0.026254
  22.6   -0.381417   -0.017982
  22.8   -0.384188   -0.009750
  23.0   -0.385318   -0.001570
23.200000000000003   -0.384817    0.006547
23.400000000000002   -0.382699    0.014589
  23.6   -0.378982    0.022545
  23.8   -0.373682    0.030403
  24.0   -0.366821    0.038151
24.200000000000003   -0.358422    0.045779
24.400000000000002   -0.348510    0.053273
  24.6   -0.337113    0.060622
  24.8   -0.324262    0.067813
  25.0   -0.309989    0.074833
25.200000000000003   -0.294329    0.081670
25.400000000000002   -0.277321    0.088311
  25.6   -0.259005    0.094743
  25.8   -0.239425    0.100952
  26.0   -0.218625    0.106925
26.200000000000003   -0.196655    0.112649
26.400000000000002   -0.173566    0.118111
  26.6   -0.149412    0.123297
  26.8   -0.124248    0.128194
  27.0   -0.098134    0.132792
27.200000000000003   -0.071132    0.137076
27.400000000000002   -0.043304    0.141036
  27.6   -0.014718    0.144661
  27.8    0.014559    0.147940
  28.0    0.044458    0.150865
28.200000000000003    0.074905    0.153427
28.400000000000002    0.105828    0.155620
  28.6    0.137153    0.157435
  28.8    0.168802    0.158870
  29.0    0.200700    0.159919
29.200000000000003    0.232770    0.160581
29.400000000000002    0.264933    0.160855
  29.6    0.297112    0.160740
  29.8    0.329229    0.160239
  30.0    0.361207    0.159354
30.200000000000003    0.392970    0.158089
30.400000000000002    0.424443    0.156451
  30.6    0.455551    0.154446
  30.8    0.486222    0.152082
  31.0    0.516384    0.149368
31.200000000000003    0.545970    0.146314
31.400000000000002    0.574910    0.142930
  31.6    0.603142    0.139229
  31.8    0.630602    0.135222
  32.0    0.657231    0.130922
  32.2    0.682972    0.126343
  32.4    0.707769    0.121498
  32.6    0.731571    0.116400
32.800000000000004    0.754329    0.111064
  33.0    0.775997    0.105503
  33.2    0.796531    0.099732
  33.4    0.815891    0.093762
  33.6    0.834037    0.087609
33.800000000000004    0.850935    0.081284
  34.0    0.866551    0.074801
  34.2    0.880856    0.068172
  34.4    0.893820    0.061408
  34.6    0.905419    0.054520
34.800000000000004    0.915629    0.047520
  35.0    0.924428    0.040418
  35.2    0.931796    0.033223
  35.4    0.937717    0.025944
  35.6    0.942175    0.018591
35.800000000000004    0.945154    0.011172
  36.0    0.946644    0.003694
  36.2    0.946632   -0.003834
  36.4    0.945111   -0.011407
  36.6    0.942070   -0.019017
36.800000000000004    0.937504   -0.026657
  37.0    0.931408   -0.034322
  37.2    0.923776   -0.042005
  37.4    0.914606   -0.049700
  37.6    0.903896   -0.057401
37.800000000000004    0.891646   -0.065103
  38.0    0.877855   -0.072799
  38.2    0.862527   -0.080483
38.400000000000006    0.845663   -0.088148
  38.6    0.827268   -0.095789
38.800000000000004    0.807347   -0.103398
  39.0    0.785909   -0.110967
  39.2    0.762961   -0.118489
39.400000000000006    0.738514   -0.125955
  39.6    0.712580   -0.133357
39.800000000000004    0.685172   -0.140684
  40.0    0.656306   -0.147928
  40.2    0.626001   -0.155076
40.400000000000006    0.594276   -0.162118
  40.6    0.561154   -0.169041
40.800000000000004    0.526660   -0.175831
  41.0    0.490822   -0.182476
  41.2    0.453671   -0.188960
41.400000000000006    0.415239   -0.195269
  41.6    0.375563   -0.201387
41.800000000000004    0.334685   -0.207296
  42.0    0.292646   -0.212980
  42.2    0.249493   -0.218423
42.400000000000006    0.205277   -0.223605
  42.6    0.160052   -0.228509
42.800000000000004    0.113874   -0.233118
  43.0    0.066805   -0.237412
  43.2    0.018910   -0.241375
43.400000000000006   -0.029744   -0.244989
  43.6   -0.079085   -0.248237
43.800000000000004   -0.129038   -0.251104
  44.0   -0.179526   -0.253574
  44.2   -0.230467   -0.255633
44.400000000000006   -0.281779   -0.257270
  44.6   -0.333375   -0.258472
44.800000000000004   -0.385167   -0.259230
  45.0   -0.437066   -0.259536
  45.2   -0.488981   -0.259384
45.400000000000006   -0.540820   -0.258769
  45.6   -0.592489   -0.257691
45.800000000000004   -0.643896   -0.256148
  46.0   -0.694948   -0.254143
  46.2   -0.745553   -0.251678
46.400000000000006   -0.795620   -0.248761
  46.6   -0.845058   -0.245399
46.800000000000004   -0.893780   -0.241600
  47.0   -0.941699   -0.237377
  47.2   -0.988731   -0.232742
47.400000000000006   -1.034796   -0.227709
  47.6   -1.079815   -0.222293
47.800000000000004   -1.123714   -0.216510
  48.0   -1.166420   -0.210377
  48.2   -1.207865   -0.203913
48.400000000000006   -1.247986   -0.197135
  48.6   -1.286720   -0.190063
48.800000000000004   -1.324012   -0.182714
  49.0   -1.359807   -0.175107
  49.2   -1.394055   -0.167262
49.400000000000006   -1.426712   -0.159196
  49.6   -1.457735   -0.150927
49.800000000000004   -1.487084   -0.142474
  50.0   -1.514725   -0.133853
  50.2   -1.540626   -0.125080
50.400000000000006   -1.564757   -0.116171
  50.6   -1.587095   -0.107142
50.800000000000004   -1.607615   -0.098006
  51.0   -1.626298   -0.088779
  51.2   -1.643127   -0.079472
51.400000000000006   -1.658087   -0.070098
  51.6   -1.671167   -0.060670
51.800000000000004   -1.682356   -0.051198
  52.0   -1.691647   -0.041694
  52.2   -1.699034   -0.032168
52.400000000000006   -1.704514   -0.022629
  52.6   -1.708086   -0.013088
52.800000000000004   -1.709750   -0.003554
  53.0   -1.709508    0.005963
  53.2   -1.707365    0.015455
53.400000000000006   -1.703326    0.024912
  53.6   -1.697400    0.034326
53.800000000000004   -1.689597    0.043685
  54.0   -1.679927    0.052982
  54.2   -1.668404    0.062207
54.400000000000006   -1.655045    0.071348
  54.6   -1.639865    0.080397
54.800000000000004   -1.622886    0.089341
  55.0   -1.604130    0.098170
  55.2   -1.583619    0.106872
55.400000000000006   -1.561381    0.115435
  55.6   -1.537445    0.123846
55.800000000000004   -1.511843    0.132092
  56.0   -1.484609    0.140160
  56.2   -1.455780    0.148035
56.400000000000006   -1.425396    0.155703
  56.6   -1.393499    0.163150
56.800000000000004   -1.360137    0.170359
  57.0   -1.325356    0.177318
  57.2   -1.289210    0.184009
57.400000000000006   -1.251753    0.190418
  57.6   -1.213044    0.196530
57.800000000000004   -1.173142    0.202330
  58.0   -1.132112    0.207804
  58.2   -1.090021    0.212938
58.400000000000006   -1.046937    0.217719
  58.6   -1.002934    0.222134
58.800000000000004   -0.958084    0.226172
  59.0   -0.912465    0.229823
  59.2   -0.866155    0.233078
59.400000000000006   -0.819234    0.235929
  59.6   -0.771784    0.238369
59.800000000000004   -0.723887    0.240393
  60.0   -0.675627    0.241999
  60.2   -0.627088    0.243184
60.400000000000006   -0.578354    0.243948
  60.6   -0.529509    0.244293
60.800000000000004   -0.480637    0.244221
  61.0   -0.431820    0.243738
  61.2   -0.383141    0.242850
61.400000000000006   -0.334680    0.241565
  61.6   -0.286515    0.239890
61.800000000000004   -0.238723    0.237838
  62.0   -0.191380    0.235418
  62.2   -0.144556    0.232645
62.400000000000006   -0.098321    0.229531
  62.6   -0.052743    0.226090
62.800000000000004   -0.007885    0.222337
  63.0    0.036192    0.218288
  63.2    0.079431    0.213957
63.400000000000006    0.121776    0.209362
  63.6    0.163176    0.204518
63.800000000000004    0.203584    0.199441
  64.0    0.242953    0.194147
  64.2    0.281243    0.188652
  64.4    0.318415    0.182970
64.60000000000001    0.354432    0.177118
  64.8    0.389263    0.171110
  65.0    0.422877    0.164959
  65.2    0.455247    0.158680
  65.4    0.486349    0.152286
65.60000000000001    0.516162    0.145789
  65.8    0.544665    0.139202
  66.0    0.571843    0.132536
  66.2    0.597680    0.125801
  66.4    0.622164    0.119009
66.60000000000001    0.645284    0.112170
  66.8    0.667033    0.105292
  67.0    0.687402    0.098386
  67.2    0.706387    0.091459
  67.4    0.723986    0.084520
67.60000000000001    0.740196    0.077577
  67.8    0.755017    0.070638
  68.0    0.768451    0.063710
  68.2    0.780501    0.056800
  68.4    0.791172    0.049916
68.60000000000001    0.800468    0.043065
  68.8    0.808398    0.036253
  69.0    0.814970    0.029488
  69.2    0.820193    0.022776
  69.4    0.824080    0.016125
69.60000000000001    0.826643    0.009541
  69.8    0.827897    0.003033
  70.0    0.827857   -0.003394
  70.2    0.826540   -0.009730
  70.4    0.823965   -0.015970
70.60000000000001    0.820153   -0.022104
  70.8    0.815124   -0.028124
  71.0    0.808903   -0.034023
  71.2    0.801515   -0.039792
  71.4    0.792987   -0.045423
71.60000000000001    0.783346   -0.050906
  71.8    0.772625   -0.056232
  72.0    0.760854   -0.061394
  72.2    0.748068   -0.066380
  72.4    0.734302   -0.071182
72.60000000000001    0.719595   -0.075792
  72.8    0.703986   -0.080198
  73.0    0.687516   -0.084394
  73.2    0.670229   -0.088368
  73.4    0.652169   -0.092113
73.60000000000001    0.633384   -0.095619
  73.8    0.613922   -0.098879
  74.0    0.593833   -0.101884
  74.2    0.573169   -0.104627
  74.4    0.551982   -0.107101
74.60000000000001    0.530329   -0.109299
  74.8    0.508263   -0.111215
  75.0    0.485843   -0.112844
  75.2    0.463126   -0.114182
  75.4    0.440170   -0.115223
75.60000000000001    0.417036   -0.115967
  75.8    0.393784   -0.116409
  76.0    0.370473   -0.116549
  76.2    0.347164   -0.116387
  76.4    0.323918   -0.115922
76.60000000000001    0.300795   -0.115156
76.80000000000001    0.277856   -0.114091
  77.0    0.255159   -0.112730
  77.2    0.232764   -0.111076
  77.4    0.210728   -0.109135
77.60000000000001    0.189109   -0.106912
77.80000000000001    0.167963   -0.104412
  78.0    0.147344   -0.101644
  78.2    0.127305   -0.098613
  78.4    0.107898   -0.095330
78.60000000000001    0.089173   -0.091801
78.80000000000001    0.071178   -0.088036
  79.0    0.053958   -0.084046
  79.2    0.037559   -0.079839
  79.4    0.022022   -0.075426
79.60000000000001    0.007388   -0.070819
79.80000000000001   -0.006306   -0.066028
  80.0   -0.019023   -0.061063
  80.2   -0.030731   -0.055937
  80.4   -0.041399   -0.050661
80.60000000000001   -0.050996   -0.045246
80.80000000000001   -0.059498   -0.039704
  81.0   -0.066879   -0.034047
  81.2   -0.073117   -0.028287
  81.4   -0.078194   -0.022435
81.60000000000001   -0.082092   -0.016502
81.80000000000001   -0.084795   -0.010502
  82.0   -0.086293   -0.004446
  82.2   -0.086574    0.001655
  82.4   -0.085632    0.007789
82.60000000000001   -0.083459    0.013942
82.80000000000001   -0.080055    0.020105
  83.0   -0.075418    0.026264
  83.2   -0.069550    0.032407
  83.4   -0.062456    0.038522
83.60000000000001   -0.054142    0.044598
83.80000000000001   -0.044617    0.050621
  84.0   -0.033894    0.056578
  84.2   -0.021987    0.062459
  84.4   -0.008911    0.068249
84.60000000000001    0.005313    0.073937
84.80000000000001    0.020663    0.079509
  85.0    0.037116    0.084952
  85.2    0.054643    0.090254
  85.4    0.073217    0.095402
85.60000000000001    0.092804    0.100382
85.80000000000001    0.113369    0.105183
  86.0    0.134876    0.109791
  86.2    0.157285    0.114194
  86.4    0.180553    0.118379
86.60000000000001    0.204636    0.122335
86.80000000000001    0.229487    0.126050
  87.0    0.255055    0.129512
  87.2    0.281291    0.132711
  87.4    0.308140    0.135637
87.60000000000001    0.335546    0.138281
87.80000000000001    0.363451    0.140633
  88.0    0.391798    0.142685
  88.2    0.420525    0.144430
  88.4    0.449570    0.145862
88.60000000000001    0.478870    0.146976
88.80000000000001    0.508360    0.147767
  89.0    0.537976    0.148232
  89.2    0.567653    0.148368
  89.4    0.597324    0.148176
89.60000000000001    0.626923    0.147654
89.80000000000001    0.656385    0.146803
  90.0    0.685644    0.145627
  90.2    0.714636    0.144128
  90.4    0.743296    0.142311
90.60000000000001    0.771561    0.140181
90.80000000000001    0.799368    0.137744
  91.0    0.826659    0.135008
  91.2    0.853372    0.131980
  91.4    0.879451    0.128671
91.60000000000001    0.904841    0.125088
91.80000000000001    0.929487    0.121243
  92.0    0.953338    0.117145
  92.2    0.976345    0.112807
  92.4    0.998461    0.108240
92.60000000000001    1.019642    0.103455
92.80000000000001    1.039844    0.098465
  93.0    1.059028    0.093282
  93.2    1.077157    0.087919
  93.4    1.094196    0.082387
93.60000000000001    1.110113    0.076700
93.80000000000001    1.124877    0.070869
  94.0    1.138461    0.064906
  94.2    1.150840    0.058824
  94.4    1.161991    0.052634
94.60000000000001    1.171894    0.046347
94.80000000000001    1.180530    0.039976
  95.0    1.187885    0.033530
  95.2    1.193943    0.027021
  95.4    1.198694    0.020459
95.60000000000001    1.202127    0.013854
95.80000000000001    1.204236    0.007215
  96.0    1.205014    0.000553
  96.2    1.204457   -0.006124
  96.4    1.202565   -0.012806
96.60000000000001    1.199335   -0.019485
96.80000000000001    1.194771   -0.026153
  97.0    1.188875   -0.032802
  97.2    1.181651   -0.039423
  97.4    1.173106   -0.046008
97.60000000000001    1.163248   -0.052551
97.80000000000001    1.152086   -0.059043
  98.0    1.139631   -0.065477
  98.2    1.125896   -0.071847
  98.4    1.110893   -0.078144
98.60000000000001    1.094638   -0.084363
98.80000000000001    1.077148   -0.090496
  99.0    1.058440   -0.096536
  99.2    1.038534   -0.102477
  99.4    1.017450   -0.108312
99.60000000000001    0.995210   -0.114033
99.80000000000001    0.971837   -0.119635
 100.0    0.947356   -0.125111
 100.2    0.921793   -0.130454
 100.4    0.895174   -0.135658
100.60000000000001    0.867530   -0.140716
100.80000000000001    0.838888   -0.145622
 101.0    0.809281   -0.150368
 101.2    0.778741   -0.154950
 101.4    0.747302   -0.159360
101.60000000000001    0.714997   -0.163593
101.80000000000001    0.681865   -0.167642
 102.0    0.647941   -0.171502
 102.2    0.613264   -0.175167
 102.4    0.577874   -0.178631
102.60000000000001    0.541812   -0.181888
102.80000000000001    0.505119   -0.184934
 103.0    0.467839   -0.187764
 103.2    0.430014   -0.190373
 103.4    0.391690   -0.192756
103.60000000000001    0.352912   -0.194910
103.80000000000001    0.313726   -0.196830
 104.0    0.274180   -0.198514
 104.2    0.234321   -0.199958
 104.4    0.194197   -0.201160
104.60000000000001    0.153857   -0.202117
104.80000000000001    0.113350   -0.202827
 105.0    0.072726   -0.203290
 105.2    0.032035   -0.203504
 105.4   -0.008675   -0.203468
105.60000000000001   -0.049353   -0.203183
105.80000000000001   -0.089949   -0.202650
 106.0   -0.130413   -0.201868
 106.2   -0.170696   -0.200840
 106.4   -0.210749   -0.199566
106.60000000000001   -0.250523   -0.198050
106.80000000000001   -0.289969   -0.196294
 107.0   -0.329040   -0.194302
 107.2   -0.367690   -0.192076
 107.4   -0.405871   -0.189620
107.60000000000001   -0.443538   -0.186939
107.80000000000001   -0.480647   -0.184038
 108.0   -0.517153   -0.180921
 108.2   -0.553016   -0.177594
 108.4   -0.588192   -0.174063
108.60000000000001   -0.622641   -0.170333
108.80000000000001   -0.656325   -0.166410
 109.0   -0.689205   -0.162301
 109.2   -0.721246   -0.158012
 109.4   -0.752411   -0.153550
109.60000000000001   -0.782666   -0.148922
109.80000000000001   -0.811980   -0.144135
 110.0   -0.840320   -0.139196
 110.2   -0.867658   -0.134112
 110.4   -0.893965   -0.128890
110.60000000000001   -0.919215   -0.123538
110.80000000000001   -0.943381   -0.118064
 111.0   -0.966441   -0.112475
 111.2   -0.988372   -0.106778
 111.4   -1.009152   -0.100981
111.60000000000001   -1.028764   -0.095092
111.80000000000001   -1.047189   -0.089118
 112.0   -1.064412   -0.083066
 112.2   -1.080416   -0.076946
 112.4   -1.095191   -0.070764
112.60000000000001   -1.108722   -0.064528
112.80000000000001   -1.121002   -0.058246
 113.0   -1.132021   -0.051927
 113.2   -1.141773   -0.045577
 113.4   -1.150253   -0.039205
113.60000000000001   -1.157456   -0.032820
113.80000000000001   -1.163381   -0.026429
 114.0   -1.168028   -0.020041
 114.2   -1.171398   -0.013664
 114.4   -1.173494   -0.007307
114.60000000000001   -1.174321   -0.000979
114.80000000000001   -1.173886    0.005311
 115.0   -1.172197    0.011555
 115.2   -1.169265    0.017742
 115.4   -1.165101    0.023865
115.60000000000001   -1.159720    0.029912
115.80000000000001   -1.153137    0.035875
 116.0   -1.145370    0.041744
 116.2   -1.136439    0.047509
 116.4   -1.126367    0.053159
116.60000000000001   -1.115176    0.058685
116.80000000000001   -1.102893    0.064076
 117.0   -1.089546    0.069322
 117.2   -1.075165    0.074414
 117.4   -1.059781    0.079340
117.60000000000001   -1.043429    0.084090
117.80000000000001   -1.026146    0.088655
 118.0   -1.007968    0.093025
 118.2   -0.988936    0.097190
 118.4   -0.969092    0.101141
118.60000000000001   -0.948480    0.104869
118.80000000000001   -0.927145    0.108365
 119.0   -0.905134    0.111622
 119.2   -0.882496    0.114631
 119.4   -0.859282    0.117385
119.60000000000001   -0.835543    0.119878
119.80000000000001   -0.811331    0.122104
 120.0   -0.786701    0.124058
 120.2   -0.761708    0.125737
 120.4   -0.736407    0.127135
120.60000000000001   -0.710854    0.128251
120.80000000000001   -0.685107    0.129083
 121.0   -0.659221    0.129629
 121.2   -0.633255    0.129890
 121.4   -0.607265    0.129867
121.60000000000001   -0.581308    0.129561
121.80000000000001   -0.555441    0.128975
 122.0   -0.529718    0.128112
 122.2   -0.504196    0.126977
 122.4   -0.478927    0.125575
122.60000000000001   -0.453965    0.123912
122.80000000000001   -0.429362    0.121994
 123.0   -0.405168    0.119829
 123.2   -0.381430    0.117425
 123.4   -0.358197    0.114791
123.60000000000001   -0.335514    0.111935
123.80000000000001   -0.313423    0.108867
 124.0   -0.291966    0.105598
 124.2   -0.271183    0.102137
 124.4   -0.251111    0.098497
124.60000000000001   -0.231784    0.094686
124.80000000000001   -0.213236    0.090718
 125.0   -0.195496    0.086603
 125.2   -0.178594    0.082354
 125.4   -0.162555    0.077980
125.60000000000001   -0.147401    0.073496
125.80000000000001   -0.133156    0.068911
 126.0   -0.119836    0.064239
 126.2   -0.107460    0.059490
 126.4   -0.096040    0.054676
126.60000000000001   -0.085589    0.049809
126.80000000000001   -0.076116    0.044901
 127.0   -0.067628    0.039962
 127.2   -0.060130    0.035004
 127.4   -0.053626    0.030039
127.60000000000001   -0.048114    0.025076
127.80000000000001   -0.043595    0.020128
 128.0   -0.040063    0.015204
128.20000000000002   -0.037513    0.010315
 128.4   -0.035937    0.005472
 128.6   -0.035324    0.000685
 128.8   -0.035662   -0.004036
 129.0   -0.036938   -0.008682
129.20000000000002   -0.039134   -0.013241
 129.4   -0.042234   -0.017706
 129.6   -0.046216   -0.022065
 129.8   -0.051059   -0.026311
 130.0   -0.056740   -0.030434
130.20000000000002   -0.063233   -0.034425
 130.4   -0.070510   -0.038276
 130.6   -0.078543   -0.041979
 130.8   -0.087301   -0.045525
 131.0   -0.096752   -0.048907
131.20000000000002   -0.106863   -0.052118
 131.4   -0.117599   -0.055149
 131.6   -0.128923   -0.057996
 131.8   -0.140797   -0.060651
 132.0   -0.153183   -0.063108
132.20000000000002   -0.166040   -0.065362
 132.4   -0.179327   -0.067408
 132.6   -0.193003   -0.069241
 132.8   -0.207024   -0.070858
 133.0   -0.221346   -0.072254
133.20000000000002   -0.235925   -0.073427
 133.4   -0.250717   -0.074374
 133.6   -0.265675   -0.075093
 133.8   -0.280754   -0.075583
 134.0   -0.295908   -0.075843
134.20000000000002   -0.311091   -0.075872
 134.4   -0.326257   -0.075672
 134.6   -0.341360   -0.075243
 134.8   -0.356354   -0.074586
 135.0   -0.371194   -0.073703
135.20000000000002   -0.385835   -0.072597
 135.4   -0.400233   -0.071271
 135.6   -0.414344   -0.069728
 135.8   -0.428125   -0.067972
 136.0   -0.441533   -0.066008
136.20000000000002   -0.454528   -0.063840
 136.4   -0.467069   -0.061473
 136.6   -0.479117   -0.058913
 136.8   -0.490635   -0.056166
 137.0   -0.501584   -0.053237
137.20000000000002   -0.511930   -0.050134
 137.4   -0.521638   -0.046861
 137.6   -0.530675   -0.043427
 137.8   -0.539009   -0.039838
 138.0   -0.546610   -0.036101
138.20000000000002   -0.553450   -0.032223
 138.4   -0.559500   -0.028211
 138.6   -0.564735   -0.024072
 138.8   -0.569129   -0.019814
 139.0   -0.572661   -0.015444
139.20000000000002   -0.575307   -0.010968
 139.4   -0.577048   -0.006395
 139.6   -0.577865   -0.001732
 139.8   -0.577741    0.003016
 140.0   -0.576660    0.007839
140.20000000000002   -0.574606    0.012731
 140.4   -0.571567    0.017686
 140.6   -0.567532    0.022695
 140.8   -0.562490    0.027753
 141.0   -0.556431    0.032852
141.20000000000002   -0.549349    0.037984
 141.4   -0.541238    0.043144
 141.6   -0.532092    0.048323
 141.8   -0.521909    0.053516
 142.0   -0.510686    0.058714
142.20000000000002   -0.498424    0.063911
 142.4   -0.485122    0.069099
 142.6   -0.470785    0.074271
 142.8   -0.455414    0.079420
 143.0   -0.439017    0.084538
143.20000000000002   -0.421599    0.089617
 143.4   -0.403170    0.094649
 143.6   -0.383740    0.099627
 143.8   -0.363320    0.104542
 144.0   -0.341924    0.109385
144.20000000000002   -0.319566    0.114149
 144.4   -0.296265    0.118824
 144.6   -0.272037    0.123401
 144.8   -0.246905    0.127872
 145.0   -0.220889    0.132226
145.20000000000002   -0.194015    0.136455
 145.4   -0.166307    0.140549
 145.6   -0.137795    0.144498
 145.8   -0.108509    0.148292
 146.0   -0.078479    0.151922
146.20000000000002   -0.047740    0.155378
 146.4   -0.016328    0.158650
 146.6    0.015720    0.161729
 146.8    0.048363    0.164604
 147.0    0.081561    0.167266
147.20000000000002    0.115269    0.169707
 147.4    0.149443    0.171916
 147.6    0.184035    0.173887
 147.8    0.218998    0.175610
 148.0    0.254279    0.177078
148.20000000000002    0.289829    0.178284
 148.4    0.325593    0.179222
 148.6    0.361517    0.179884
 148.8    0.397546    0.180268
 149.0    0.433624    0.180366
149.20000000000002    0.469693    0.180178
 149.4    0.505695    0.179698
 149.6    0.541572    0.178926
 149.8    0.577265    0.177860
 150.0    0.612716    0.176500
150.20000000000002    0.647866    0.174847
 150.4    0.682655    0.172902
 150.6    0.717027    0.170668
 150.8    0.750922    0.168147
 151.0    0.784286    0.165345
151.20000000000002    0.817060    0.162265
 151.4    0.849192    0.158914
 151.6    0.880626    0.155298
 151.8    0.911311    0.151424
 152.0    0.941196    0.147300
152.20000000000002    0.970232    0.142935
 152.4    0.998371    0.138336
 152.6    1.025567    0.133514
 152.8    1.051777    0.128478
 153.0    1.076958    0.123238
153.20000000000002    1.101072    0.117805
 153.4    1.124081    0.112190
153.60000000000002    1.145949    0.106402
 153.8    1.166642    0.100454
 154.0    1.186131    0.094356
154.20000000000002    1.204385    0.088120
 154.4    1.221379    0.081756
154.60000000000002    1.237088    0.075277
 154.8    1.251491    0.068693
 155.0    1.264566    0.062016
155.20000000000002    1.276297    0.055256
 155.4    1.286669    0.048425
155.60000000000002    1.295668    0.041535
 155.8    1.303283    0.034595
 156.0    1.309507    0.027618
156.20000000000002    1.314331    0.020613
 156.4    1.317752    0.013592
156.60000000000002    1.319769    0.006566
 156.8    1.320379   -0.000455
 157.0    1.319587   -0.007460
157.20000000000002    1.317396   -0.014439
 157.4    1.313812   -0.021380
157.60000000000002    1.308844   -0.028273
 157.8    1.302503   -0.035108
 158.0    1.294801   -0.041874
158.20000000000002    1.285754   -0.048559
 158.4    1.275378   -0.055154
158.60000000000002    1.263693   -0.061648
 158.8    1.250720   -0.068030
 159.0    1.236482   -0.074289
159.20000000000002    1.221005   -0.080415
 159.4    1.204316   -0.086398
159.60000000000002    1.186446   -0.092227
 159.8    1.167426   -0.097891
 160.0    1.147290   -0.103381
160.20000000000002    1.126075   -0.108686
 160.4    1.103817   -0.113796
160.60000000000002    1.080556   -0.118703
 160.8    1.056336   -0.123397
 161.0    1.031198   -0.127869
161.20000000000002    1.005189   -0.132110
 161.4    0.978355   -0.136112
161.60000000000002    0.950744   -0.139869
 161.8    0.922407   -0.143373
 162.0    0.893395   -0.146617
162.20000000000002    0.863761   -0.149597
 162.4    0.833557   -0.152306
162.60000000000002    0.802838   -0.154741
 162.8    0.771661   -0.156898
 163.0    0.740079   -0.158775
163.20000000000002    0.708151   -0.160370
 163.4    0.675932   -0.161680
163.60000000000002    0.643479   -0.162708
 163.8    0.610848   -0.163452
 164.0    0.578098   -0.163915
164.20000000000002    0.545283   -0.164098
 164.4    0.512459   -0.164005
164.60000000000002    0.479680   -0.163641
 164.8    0.447002   -0.163008
 165.0    0.414477   -0.162114
165.20000000000002    0.382156   -0.160964
 165.4    0.350091   -0.159564
165.60000000000002    0.318331   -0.157923
 165.8    0.286922   -0.156047
 166.0    0.255911   -0.153946
166.20000000000002    0.225343   -0.151628
 166.4    0.195260   -0.149103
166.60000000000002    0.165702   -0.146379
 166.8    0.136708   -0.143467
 167.0    0.108315   -0.140376
167.20000000000002    0.080557   -0.137116
 167.4    0.053468   -0.133699
167.60000000000002    0.027077   -0.130134
 167.8    0.001414   -0.126431
 168.0   -0.023496   -0.122600
168.20000000000002   -0.047627   -0.118653
 168.4   -0.070957   -0.114598
168.60000000000002   -0.093466   -0.110447
 168.8   -0.115136   -0.106208
 169.0   -0.135950   -0.101893
169.20000000000002   -0.155894   -0.097510
 169.4   -0.174955   -0.093068
169.60000000000002   -0.193122   -0.088578
 169.8   -0.210386   -0.084047
 170.0   -0.226741   -0.079486
170.20000000000002   -0.242181   -0.074902
 170.4   -0.256702   -0.070304
170.60000000000002   -0.270303   -0.065700
 170.8   -0.282983   -0.061099
 171.0   -0.294743   -0.056508
171.20000000000002   -0.305586   -0.051935
 171.4   -0.315517   -0.047388
171.60000000000002   -0.324542   -0.042873
 171.8   -0.332667   -0.038399
 172.0   -0.339902   -0.033973
172.20000000000002   -0.346256   -0.029600
 172.4   -0.351742   -0.025289
172.60000000000002   -0.356372   -0.021046
 172.8   -0.360161   -0.016877
 173.0   -0.363123   -0.012789
173.20000000000002   -0.365277   -0.008789
 173.4   -0.366639   -0.004882
173.60000000000002   -0.367230   -0.001076
 173.8   -0.367070    0.002625
 174.0   -0.366180    0.006215
174.20000000000002   -0.364584    0.009687
 174.4   -0.362306    0.013036
174.60000000000002   -0.359370    0.016256
 174.8   -0.355804    0.019343
 175.0   -0.351633    0.022291
175.20000000000002   -0.346888    0.025095
 175.4   -0.341596    0.027750
175.60000000000002   -0.335788    0.030253
 175.8   -0.329495    0.032598
 176.0   -0.322748    0.034782
176.20000000000002   -0.315582    0.036801
 176.4   -0.308028    0.038651
176.60000000000002   -0.300122    0.040329
 176.8   -0.291897    0.041833
 177.0   -0.283389    0.043159
177.20000000000002   -0.274633    0.044306
 177.4   -0.265667    0.045271
177.60000000000002   -0.256525    0.046054
 177.8   -0.247245    0.046652
 178.0   -0.237864    0.047066
178.20000000000002   -0.228419    0.047294
 178.4   -0.218947    0.047338
178.60000000000002   -0.209484    0.047197
 178.8   -0.200068    0.046872
 179.0   -0.190735    0.046364
179.20000000000002   -0.181522    0.045675
 179.4   -0.172465    0.044808
179.60000000000002   -0.163599    0.043764
 179.8   -0.154959    0.042546
 180.0   -0.146581    0.041158
180.20000000000002   -0.138496    0.039602
 180.4   -0.130740    0.037884
180.60000000000002   -0.123343    0.036007
 180.8   -0.116337    0.033975
 181.0   -0.109752    0.031795
181.20000000000002   -0.103619    0.029470
 181.4   -0.097964    0.027006
181.60000000000002   -0.092816    0.024410
 181.8   -0.088200    0.021687
 182.0   -0.084141    0.018843
182.20000000000002   -0.080662    0.015885
 182.4   -0.077787    0.012820
182.60000000000002   -0.075534    0.009655
 182.8   -0.073924    0.006396
 183.0   -0.072975    0.003052
183.20000000000002   -0.072703   -0.000371
 183.4   -0.073123   -0.003865
183.60000000000002   -0.074249   -0.007421
 183.8   -0.076091   -0.011033
 184.0   -0.078662   -0.014691
184.20000000000002   -0.081968   -0.018389
 184.4   -0.086017   -0.022116
184.60000000000002   -0.090814   -0.025866
 184.8   -0.096363   -0.029629
 185.0   -0.102665   -0.033397
185.20000000000002   -0.109721   -0.037162
 185.4   -0.117529   -0.040914
185.60000000000002   -0.126086   -0.044644
 185.8   -0.135387   -0.048344
 186.0   -0.145424   -0.052005
186.20000000000002   -0.156188   -0.055618
 186.4   -0.167670   -0.059174
186.60000000000002   -0.179857   -0.062663
 186.8   -0.192735   -0.066078
 187.0   -0.206288   -0.069409
187.20000000000002   -0.220499   -0.072647
 187.4   -0.235347   -0.075784
187.60000000000002   -0.250812   -0.078811
 187.8   -0.266871   -0.081719
 188.0   -0.283499   -0.084500
188.20000000000002   -0.300671   -0.087146
 188.4   -0.318357   -0.089649
188.60000000000002   -0.336530   -0.092000
 188.8   -0.355157   -0.094194
 189.0   -0.374207   -0.096222
189.20000000000002   -0.393645   -0.098078
 189.4   -0.413438   -0.099755
189.60000000000002   -0.433547   -0.101248
 189.8   -0.453937   -0.102550
 190.0   -0.474567   -0.103657
190.20000000000002   -0.495399   -0.104564
 190.4   -0.516393   -0.105268
190.60000000000002   -0.537506   -0.105764
 190.8   -0.558698   -0.106049
 191.0   -0.579926   -0.106121
191.20000000000002   -0.601147   -0.105979
 191.4   -0.622317   -0.105621
191.60000000000002   -0.643395   -0.105047
 191.8   -0.664336   -0.104257
 192.0   -0.685098   -0.103251
192.20000000000002   -0.705637   -0.102030
 192.4   -0.725910   -0.100597
192.60000000000002   -0.745876   -0.098955
 192.8   -0.765492   -0.097105
 193.0   -0.784718   -0.095053
193.20000000000002   -0.803513   -0.092801
 193.4   -0.821839   -0.090355
193.60000000000002   -0.839655   -0.087720
 193.8   -0.856927   -0.084901
 194.0   -0.873616   -0.081904
194.20000000000002   -0.889689   -0.078737
 194.4   -0.905111   -0.075405
194.60000000000002   -0.919851   -0.071915
 194.8   -0.933878   -0.068276
 195.0   -0.947162   -0.064494
195.20000000000002   -0.959676   -0.060578
 195.4   -0.971393   -0.056535
195.60000000000002   -0.982290   -0.052374
 195.8   -0.992343   -0.048103
 196.0   -1.001532   -0.043730
196.20000000000002   -1.009836   -0.039264
 196.4   -1.017238   -0.034713
196.60000000000002   -1.023721   -0.030085
 196.8   -1.029272   -0.025390
 197.0   -1.033878   -0.020636
197.20000000000002   -1.037527   -0.015830
 197.4   -1.040210   -0.010982
197.60000000000002   -1.041920   -0.006100
 197.8   -1.042651   -0.001191
 198.0   -1.042397    0.003735
198.20000000000002   -1.041157    0.008672
 198.4   -1.038929    0.013610
198.60000000000002   -1.035713    0.018544
 198.8   -1.031512    0.023464
 199.0   -1.026328    0.028363
199.20000000000002   -1.020167    0.033234
 199.4   -1.013035    0.038071
199.60000000000002   -1.004939    0.042864
 199.8   -0.995889    0.047609
 200.0   -0.985896    0.052298
200.20000000000002   -0.974971    0.056925
 200.4   -0.963126    0.061483
200.60000000000002   -0.950378    0.065965
 200.8   -0.936741    0.070367
 201.0   -0.922231    0.074681
201.20000000000002   -0.906868    0.078903
 201.4   -0.890670    0.083027
201.60000000000002   -0.873658    0.087048
 201.8   -0.855852    0.090959
 202.0   -0.837274    0.094758
202.20000000000002   -0.817949    0.098438
 202.4   -0.797899    0.101996
202.60000000000002   -0.777151    0.105427
 202.8   -0.755729    0.108727
 203.0   -0.733661    0.111892
203.20000000000002   -0.710972    0.114920
 203.4   -0.687693    0.117806
203.60000000000002   -0.663850    0.120548
 203.8   -0.639474    0.123143
 204.0   -0.614593    0.125588
204.20000000000002   -0.589239    0.127882
 204.4   -0.563441    0.130022
204.60000000000002   -0.537230    0.132006
 204.8   -0.510638    0.133834
 205.0   -0.483696    0.135505
205.20000000000002   -0.456436    0.137016
 205.4   -0.428890    0.138368
205.60000000000002   -0.401089    0.139561
 205.8   -0.373066    0.140594
 206.0   -0.344852    0.141468
206.20000000000002   -0.316479    0.142182
 206.4   -0.287979    0.142739
206.60000000000002   -0.259383    0.143138
 206.8   -0.230724    0.143381
 207.0   -0.202031    0.143469
207.20000000000002   -0.173336    0.143405
 207.4   -0.144669    0.143189
207.60000000000002   -0.116060    0.142824
 207.8   -0.087539    0.142311
 208.0   -0.059136    0.141654
208.20000000000002   -0.030878    0.140855
 208.4   -0.002794    0.139916
208.60000000000002    0.025089    0.138841
 208.8    0.052743    0.137631
 209.0    0.080142    0.136291
209.20000000000002    0.107259    0.134823
 209.4    0.134071    0.133231
209.60000000000002    0.160552    0.131518
 209.8    0.186679    0.129688
 210.0    0.212427    0.127743
210.20000000000002    0.237776    0.125688
 210.4    0.262703    0.123526
210.60000000000002    0.287187    0.121261
 210.8    0.311207    0.118897
 211.0    0.334746    0.116437
211.20000000000002    0.357782    0.113885
 211.4    0.380300    0.111245
211.60000000000002    0.402281    0.108522
 211.8    0.423709    0.105718
 212.0    0.444568    0.102838
212.20000000000002    0.464844    0.099886
 212.4    0.484523    0.096865
212.60000000000002    0.503590    0.093781
 212.8    0.522035    0.090637
 213.0    0.539845    0.087436
213.20000000000002    0.557010    0.084184
 213.4    0.573519    0.080884
213.60000000000002    0.589364    0.077541
 213.8    0.604536    0.074158
 214.0    0.619027    0.070740
214.20000000000002    0.632832    0.067291
 214.4    0.645944    0.063816
214.60000000000002    0.658359    0.060319
 214.8    0.670072    0.056804
 215.0    0.681080    0.053275
215.20000000000002    0.691382    0.049738
 215.4    0.700976    0.046196
215.60000000000002    0.709861    0.042654
 215.8    0.718038    0.039117
 216.0    0.725508    0.035589
216.20000000000002    0.732274    0.032075
 216.4    0.738338    0.028579
216.60000000000002    0.743705    0.025106
 216.8    0.748381    0.021661
 217.0    0.752370    0.018248
217.20000000000002    0.755680    0.014873
 217.4    0.758320    0.011540
217.60000000000002    0.760297    0.008253
 217.8    0.761621    0.005018
 218.0    0.762304    0.001838
218.20000000000002    0.762357   -0.001280
 218.4    0.761792   -0.004334
218.60000000000002    0.760623   -0.007317
 218.8    0.758865   -0.010226
 219.0    0.756533   -0.013056
219.20000000000002    0.753643   -0.015803
 219.4    0.750212   -0.018462
219.60000000000002    0.746258   -0.021030
 219.8    0.741801   -0.023501
 220.0    0.736858   -0.025873
220.20000000000002    0.731451   -0.028142
 220.4    0.725602   -0.030303
220.60000000000002    0.719330   -0.032354
 220.8    0.712660   -0.034292
 221.0    0.705614   -0.036112
221.20000000000002    0.698215   -0.037813
 221.4    0.690489   -0.039392
221.60000000000002    0.682458   -0.040847
 221.8    0.674150   -0.042176
 222.0    0.665588   -0.043376
222.20000000000002    0.656800   -0.044447
 222.4    0.647810   -0.045387
222.60000000000002    0.638645   -0.046195
 222.8    0.629331   -0.046872
 223.0    0.619896   -0.047416
223.20000000000002    0.610365   -0.047827
 223.4    0.600765   -0.048106
223.60000000000002    0.591123   -0.048255
 223.8    0.581463   -0.048273
 224.0    0.571814   -0.048162
224.20000000000002    0.562199   -0.047924
 224.4    0.552644   -0.047561
224.60000000000002    0.543174   -0.047075
 224.8    0.533814   -0.046469
 225.0    0.524586   -0.045746
225.20000000000002    0.515515   -0.044909
 225.4    0.506623   -0.043961
225.60000000000002    0.497931   -0.042907
 225.8    0.489460   -0.041750
 226.0    0.481231   -0.040494
226.20000000000002    0.473262   -0.039145
 226.4    0.465573   -0.037706
226.60000000000002    0.458179   -0.036184
 226.8    0.451099   -0.034582
 227.0    0.444346   -0.032906
227.20000000000002    0.437936   -0.031162
 227.4    0.431881   -0.029356
227.60000000000002    0.426194   -0.027492
 227.8    0.420884   -0.025577
 228.0    0.415962   -0.023617
228.20000000000002    0.411437   -0.021618
 228.4    0.407315   -0.019586
228.60000000000002    0.403602   -0.017526
 228.8    0.400304   -0.015446
 229.0    0.397424   -0.013351
229.20000000000002    0.394963   -0.011248
 229.4    0.392924   -0.009143
229.60000000000002    0.391306   -0.007041
 229.8    0.390107   -0.004950
 230.0    0.389326   -0.002874
230.20000000000002    0.388957   -0.000821
 230.4    0.388997    0.001205
230.60000000000002    0.389439    0.003196
 230.8    0.390275    0.005148
 231.0    0.391498    0.007054
231.20000000000002    0.393097    0.008910
 231.4    0.395062    0.010710
231.60000000000002    0.397380    0.012448
 231.8    0.400041    0.014120
 232.0    0.403028    0.015721
232.20000000000002    0.406329    0.017246
 232.4    0.409926    0.018691
232.60000000000002    0.413805    0.020051
 232.8    0.417947    0.021322
 233.0    0.422333    0.022501
233.20000000000002    0.426947    0.023584
 233.4    0.431767    0.024567
233.60000000000002    0.436774    0.025448
 233.8    0.441946    0.026224
 234.0    0.447263    0.026891
234.20000000000002    0.452702    0.027449
 234.4    0.458242    0.027894
234.60000000000002    0.463860    0.028224
 234.8    0.469532    0.028440
 235.0    0.475236    0.028538
235.20000000000002    0.480947    0.028519
 235.4    0.486643    0.028381
235.60000000000002    0.492300    0.028124
 235.8    0.497893    0.027749
 236.0    0.503399    0.027254
236.20000000000002    0.508795    0.026641
 236.4    0.514056    0.025910
236.60000000000002    0.519159    0.025063
 236.8    0.524081    0.024099
 237.0    0.528799    0.023022
237.20000000000002    0.533290    0.021831
 237.4    0.537531    0.020529
237.60000000000002    0.541502    0.019119
 237.8    0.545179    0.017602
 238.0    0.548542    0.015981
238.20000000000002    0.551571    0.014258
 238.4    0.554246    0.012436
238.60000000000002    0.556546    0.010518
 238.8    0.558453    0.008507
 239.0    0.559949    0.006406
239.20000000000002    0.561016    0.004219
 239.4    0.561637    0.001949
239.60000000000002    0.561795   -0.000401
 239.8    0.561476   -0.002827
 240.0    0.560665   -0.005325
