     0    0.000000    0.200000
   0.2    0.039971    0.199586
   0.4    0.079835    0.198931
0.6000000000000001    0.119543    0.198035
   0.8    0.159049    0.196901
   1.0    0.198304    0.195531
1.2000000000000002    0.237261    0.193927
1.4000000000000001    0.275875    0.192093
   1.6    0.314099    0.190032
   1.8    0.351888    0.187748
   2.0    0.389198    0.185245
   2.2    0.425986    0.182528
2.4000000000000004    0.462209    0.179600
   2.6    0.497827    0.176469
2.8000000000000003    0.532797    0.173138
   3.0    0.567082    0.169614
   3.2    0.600643    0.165902
3.4000000000000004    0.633443    0.162008
   3.6    0.665447    0.157939
3.8000000000000003    0.696619    0.153701
   4.0    0.726927    0.149300
   4.2    0.756340    0.144744
   4.4    0.784825    0.140038
4.6000000000000005    0.812355    0.135191
4.800000000000001    0.838902    0.130208
   5.0    0.864439    0.125096
   5.2    0.888941    0.119864
   5.4    0.912385    0.114518
5.6000000000000005    0.934748    0.109065
5.800000000000001    0.956011    0.103512
   6.0    0.976153    0.097867
   6.2    0.995158    0.092137
   6.4    1.013009    0.086329
6.6000000000000005    1.029690    0.080451
6.800000000000001    1.045190    0.074511
   7.0    1.059495    0.068514
   7.2    1.072596    0.062470
   7.4    1.084483    0.056386
7.6000000000000005    1.095151    0.050269
7.800000000000001    1.104591    0.044127
   8.0    1.112802    0.037967
8.200000000000001    1.119779    0.031799
   8.4    1.125522    0.025629
   8.6    1.130031    0.019466
   8.8    1.133308    0.013318
   9.0    1.135358    0.007194
9.200000000000001    1.136186    0.001101
   9.4    1.135799   -0.004951
9.600000000000001    1.134206   -0.010953
   9.8    1.131418   -0.016897
  10.0    1.127448   -0.022774
10.200000000000001    1.122309   -0.028574
  10.4    1.116019   -0.034289
10.600000000000001    1.108594   -0.039908
  10.8    1.100056   -0.045422
  11.0    1.090426   -0.050821
11.200000000000001    1.079728   -0.056096
  11.4    1.067988   -0.061238
11.600000000000001    1.055234   -0.066235
  11.8    1.041494   -0.071079
  12.0    1.026802   -0.075760
12.200000000000001    1.011191   -0.080268
  12.4    0.994696   -0.084594
12.600000000000001    0.977354   -0.088728
  12.8    0.959205   -0.092662
  13.0    0.940290   -0.096387
13.200000000000001    0.920651   -0.099894
  13.4    0.900332   -0.103176
13.600000000000001    0.879380   -0.106225
  13.8    0.857842   -0.109034
  14.0    0.835767   -0.111597
14.200000000000001    0.813204   -0.113907
  14.4    0.790205   -0.115959
14.600000000000001    0.766821   -0.117749
  14.8    0.743105   -0.119273
  15.0    0.719111   -0.120528
15.200000000000001    0.694894   -0.121512
  15.4    0.670507   -0.122223
15.600000000000001    0.646005   -0.122661
  15.8    0.621442   -0.122825
  16.0    0.596875   -0.122717
  16.2    0.572356   -0.122339
16.400000000000002    0.547939   -0.121693
  16.6    0.523678   -0.120783
  16.8    0.499626   -0.119613
  17.0    0.475833   -0.118189
  17.2    0.452350   -0.116516
17.400000000000002    0.429226   -0.114600
  17.6    0.406510   -0.112449
  17.8    0.384247   -0.110071
  18.0    0.362481   -0.107473
  18.2    0.341257   -0.104665
18.400000000000002    0.320615   -0.101656
  18.6    0.300594   -0.098456
  18.8    0.281232   -0.095075
  19.0    0.262564   -0.091522
19.200000000000003    0.244623   -0.087809
19.400000000000002    0.227440   -0.083947
  19.6    0.211043   -0.079947
  19.8    0.195460   -0.075819
  20.0    0.180715   -0.071576
20.200000000000003    0.166829   -0.067228
20.400000000000002    0.153823   -0.062787
  20.6    0.141714   -0.058263
  20.8    0.130518   -0.053670
  21.0    0.120246   -0.049017
21.200000000000003    0.110910   -0.044317
21.400000000000002    0.102519   -0.039580
  21.6    0.095078   -0.034817
  21.8    0.088591   -0.030040
  22.0    0.083061   -0.025259
22.200000000000003    0.078487   -0.020485
22.400000000000002    0.074867   -0.015728
  22.6    0.072195   -0.011000
  22.8    0.070466   -0.006311
  23.0    0.069671   -0.001670
23.200000000000003    0.069798    0.002912
23.400000000000002    0.070835    0.007425
  23.6    0.072768    0.011860
  23.8    0.075579    0.016207
  24.0    0.079250    0.020456
24.200000000000003    0.083761    0.024599
24.400000000000002    0.089089    0.028627
  24.6    0.095211    0.032530
  24.8    0.102101    0.036300
  25.0    0.109731    0.039929
25.200000000000003    0.118072    0.043409
25.400000000000002    0.127094    0.046732
  25.6    0.136764    0.049891
  25.8    0.147050    0.052879
  26.0    0.157915    0.055688
26.200000000000003    0.169325    0.058313
26.400000000000002    0.181241    0.060748
  26.6    0.193624    0.062988
  26.8    0.206435    0.065026
  27.0    0.219634    0.066858
27.200000000000003    0.233179    0.068481
27.400000000000002    0.247026    0.069891
  27.6    0.261135    0.071084
  27.8    0.275460    0.072058
  28.0    0.289958    0.072811
28.200000000000003    0.304584    0.073341
28.400000000000002    0.319295    0.073648
  28.6    0.334044    0.073730
  28.8    0.348787    0.073589
  29.0    0.363479    0.073224
29.200000000000003    0.378076    0.072637
29.400000000000002    0.392534    0.071829
  29.6    0.406808    0.070804
  29.8    0.420855    0.069563
  30.0    0.434633    0.068110
30.200000000000003    0.448099    0.066448
30.400000000000002    0.461213    0.064582
  30.6    0.473932    0.062516
  30.8    0.486219    0.060255
  31.0    0.498035    0.057804
31.200000000000003    0.509341    0.055169
31.400000000000002    0.520103    0.052355
  31.6    0.530284    0.049369
  31.8    0.539851    0.046216
  32.0    0.548771    0.042904
  32.2    0.557012    0.039439
  32.4    0.564546    0.035826
  32.6    0.571343    0.032075
32.800000000000004    0.577377    0.028191
  33.0    0.582620    0.024181
  33.2    0.587049    0.020052
  33.4    0.590641    0.015812
  33.6    0.593374    0.011467
33.800000000000004    0.595228    0.007024
  34.0    0.596184    0.002491
  34.2    0.596225   -0.002125
  34.4    0.595334   -0.006818
  34.6    0.593498   -0.011581
34.800000000000004    0.590702   -0.016406
  35.0    0.586936   -0.021287
  35.2    0.582188   -0.026218
  35.4    0.576449   -0.031190
  35.6    0.569712   -0.036198
35.800000000000004    0.561970   -0.041234
  36.0    0.553219   -0.046293
  36.2    0.543454   -0.051366
  36.4    0.532673   -0.056448
  36.6    0.520875   -0.061530
36.800000000000004    0.508061   -0.066608
  37.0    0.494232   -0.071672
  37.2    0.479392   -0.076716
  37.4    0.463546   -0.081734
  37.6    0.446699   -0.086717
37.800000000000004    0.428860   -0.091658
  38.0    0.410036   -0.096550
  38.2    0.390240   -0.101384
38.400000000000006    0.369483   -0.106153
  38.6    0.347779   -0.110849
38.800000000000004    0.325144   -0.115463
  39.0    0.301594   -0.119987
  39.2    0.277149   -0.124413
39.400000000000006    0.251830   -0.128731
  39.6    0.225657   -0.132933
39.800000000000004    0.198657   -0.137009
  40.0    0.170854   -0.140951
  40.2    0.142277   -0.144749
40.400000000000006    0.112955   -0.148394
  40.6    0.082920   -0.151876
40.800000000000004    0.052205   -0.155187
  41.0    0.020845   -0.158317
  41.2   -0.011121   -0.161256
41.400000000000006   -0.043657   -0.163996
  41.6   -0.076719   -0.166527
41.800000000000004   -0.110267   -0.168841
  42.0   -0.144256   -0.170930
  42.2   -0.178639   -0.172786
42.400000000000006   -0.213370   -0.174400
  42.6   -0.248399   -0.175766
42.800000000000004   -0.283676   -0.176877
  43.0   -0.319149   -0.177726
  43.2   -0.354766   -0.178309
43.400000000000006   -0.390473   -0.178620
  43.6   -0.426214   -0.178656
43.800000000000004   -0.461935   -0.178412
  44.0   -0.497579   -0.177886
  44.2   -0.533089   -0.177076
44.400000000000006   -0.568409   -0.175982
  44.6   -0.603482   -0.174602
44.800000000000004   -0.638250   -0.172938
  45.0   -0.672657   -0.170991
  45.2   -0.706647   -0.168764
45.400000000000006   -0.740163   -0.166258
  45.6   -0.773150   -0.163480
45.800000000000004   -0.805555   -0.160432
  46.0   -0.837323   -0.157121
  46.2   -0.868404   -0.153552
46.400000000000006   -0.898745   -0.149733
  46.6   -0.928297   -0.145671
46.800000000000004   -0.957013   -0.141373
  47.0   -0.984847   -0.136848
  47.2   -1.011753   -0.132106
47.400000000000006   -1.037689   -0.127154
  47.6   -1.062615   -0.122004
47.800000000000004   -1.086491   -0.116665
  48.0   -1.109282   -0.111147
  48.2   -1.130951   -0.105461
48.400000000000006   -1.151466   -0.099617
  48.6   -1.170798   -0.093626
48.800000000000004   -1.188917   -0.087499
  49.0   -1.205798   -0.081247
  49.2   -1.221417   -0.074881
49.400000000000006   -1.235751   -0.068411
  49.6   -1.248782   -0.061850
49.800000000000004   -1.260491   -0.055207
  50.0   -1.270865   -0.048493
  50.2   -1.279889   -0.041720
50.400000000000006   -1.287554   -0.034898
  50.6   -1.293849   -0.028039
50.800000000000004   -1.298770   -0.021152
  51.0   -1.302310   -0.014248
  51.2   -1.304469   -0.007339
51.400000000000006   -1.305246   -0.000434
  51.6   -1.304644    0.006455
51.800000000000004   -1.302665    0.013318
  52.0   -1.299317    0.020145
  52.2   -1.294608    0.026924
52.400000000000006   -1.288548    0.033646
  52.6   -1.281150    0.040300
52.800000000000004   -1.272428    0.046874
  53.0   -1.262401    0.053359
  53.2   -1.251085    0.059744
53.400000000000006   -1.238504    0.066018
  53.6   -1.224679    0.072170
53.800000000000004   -1.209636    0.078191
  54.0   -1.193403    0.084070
  54.2   -1.176009    0.089795
54.400000000000006   -1.157485    0.095358
  54.6   -1.137866    0.100748
54.800000000000004   -1.117187    0.105955
  55.0   -1.095485    0.110969
  55.2   -1.072799    0.115781
55.400000000000006   -1.049173    0.120382
  55.6   -1.024647    0.124762
55.800000000000004   -0.999268    0.128915
  56.0   -0.973082    0.132831
  56.2   -0.946136    0.136503
56.400000000000006   -0.918481    0.139925
  56.6   -0.890166    0.143091
56.800000000000004   -0.861245    0.145994
  57.0   -0.831769    0.148629
  57.2   -0.801793    0.150994
57.400000000000006   -0.771372    0.153084
  57.6   -0.740560    0.154896
57.800000000000004   -0.709413    0.156429
  58.0   -0.677988    0.157682
  58.2   -0.646341    0.158655
58.400000000000006   -0.614526    0.159349
  58.6   -0.582601    0.159764
58.800000000000004   -0.550621    0.159904
  59.0   -0.518640    0.159771
  59.2   -0.486712    0.159370
59.400000000000006   -0.454892    0.158704
  59.6   -0.423230    0.157781
59.800000000000004   -0.391779    0.156605
  60.0   -0.360588    0.155184
  60.2   -0.329705    0.153525
60.400000000000006   -0.299178    0.151635
  60.6   -0.269051    0.149524
60.800000000000004   -0.239368    0.147199
  61.0   -0.210171    0.144670
  61.2   -0.181500    0.141946
61.400000000000006   -0.153392    0.139037
  61.6   -0.125884    0.135954
61.800000000000004   -0.099010    0.132705
  62.0   -0.072802    0.129302
  62.2   -0.047289    0.125754
62.400000000000006   -0.022500    0.122072
  62.6    0.001540    0.118266
62.800000000000004    0.024807    0.114346
  63.0    0.047279    0.110323
  63.2    0.068936    0.106206
63.400000000000006    0.089762    0.102005
  63.6    0.109739    0.097731
63.800000000000004    0.128855    0.093393
  64.0    0.147097    0.089000
  64.2    0.164455    0.084561
  64.4    0.180921    0.080086
64.60000000000001    0.196490    0.075584
  64.8    0.211155    0.071063
  65.0    0.224915    0.066532
  65.2    0.237769    0.061998
  65.4    0.249715    0.057472
65.60000000000001    0.260758    0.052959
  65.8    0.270899    0.048468
  66.0    0.280145    0.044007
  66.2    0.288502    0.039583
  66.4    0.295979    0.035204
66.60000000000001    0.302584    0.030876
  66.8    0.308329    0.026607
  67.0    0.313227    0.022403
  67.2    0.317291    0.018272
  67.4    0.320536    0.014219
67.60000000000001    0.322979    0.010252
  67.8    0.324637    0.006377
  68.0    0.325530    0.002599
  68.2    0.325677   -0.001074
  68.4    0.325100   -0.004638
68.60000000000001    0.323822   -0.008085
  68.8    0.321867   -0.011411
  69.0    0.319258   -0.014610
  69.2    0.316023   -0.017677
  69.4    0.312188   -0.020607
69.60000000000001    0.307780   -0.023394
  69.8    0.302830   -0.026034
  70.0    0.297367   -0.028522
  70.2    0.291422   -0.030855
  70.4    0.285025   -0.033027
70.60000000000001    0.278211   -0.035036
  70.8    0.271011   -0.036878
  71.0    0.263460   -0.038550
  71.2    0.255591   -0.040048
  71.4    0.247441   -0.041370
71.60000000000001    0.239043   -0.042515
  71.8    0.230435   -0.043479
  72.0    0.221652   -0.044262
  72.2    0.212730   -0.044863
  72.4    0.203707   -0.045280
72.60000000000001    0.194618   -0.045513
  72.8    0.185502   -0.045563
  73.0    0.176393   -0.045430
  73.2    0.167330   -0.045114
  73.4    0.158348   -0.044616
73.60000000000001    0.149483   -0.043939
  73.8    0.140772   -0.043085
  74.0    0.132249   -0.042054
  74.2    0.123950   -0.040851
  74.4    0.115908   -0.039479
74.60000000000001    0.108158   -0.037940
  74.8    0.100732   -0.036239
  75.0    0.093662   -0.034380
  75.2    0.086980   -0.032366
  75.4    0.080716   -0.030204
75.60000000000001    0.074898   -0.027898
  75.8    0.069556   -0.025454
  76.0    0.064716   -0.022876
  76.2    0.060405   -0.020172
  76.4    0.056647   -0.017347
76.60000000000001    0.053466   -0.014407
76.80000000000001    0.050884   -0.011359
  77.0    0.048922   -0.008210
  77.2    0.047600   -0.004966
  77.4    0.046936   -0.001636
77.60000000000001    0.046945    0.001774
77.80000000000001    0.047645    0.005256
  78.0    0.049048    0.008803
  78.2    0.051166    0.012407
  78.4    0.054010    0.016060
78.60000000000001    0.057589    0.019753
78.80000000000001    0.061911    0.023480
  79.0    0.066981    0.027230
  79.2    0.072803    0.030997
  79.4    0.079379    0.034772
79.60000000000001    0.086711    0.038545
79.80000000000001    0.094797    0.042309
  80.0    0.103634    0.046054
  80.2    0.113218    0.049773
  80.4    0.123543    0.053455
80.60000000000001    0.134600    0.057093
80.80000000000001    0.146380    0.060677
  81.0    0.158870    0.064198
  81.2    0.172058    0.067648
  81.4    0.185929    0.071017
81.60000000000001    0.200465    0.074298
81.80000000000001    0.215648    0.077480
  82.0    0.231456    0.080555
  82.2    0.247869    0.083515
  82.4    0.264862    0.086351
82.60000000000001    0.282409    0.089055
82.80000000000001    0.300484    0.091619
  83.0    0.319056    0.094034
  83.2    0.338097    0.096294
  83.4    0.357574    0.098391
83.60000000000001    0.377453    0.100318
83.80000000000001    0.397701    0.102068
  84.0    0.418280    0.103636
  84.2    0.439155    0.105014
  84.4    0.460286    0.106198
84.60000000000001    0.481634    0.107184
84.80000000000001    0.503159    0.107965
  85.0    0.524820    0.108540
  85.2    0.546575    0.108904
  85.4    0.568381    0.109054
85.60000000000001    0.590197    0.108989
85.80000000000001    0.611977    0.108707
  86.0    0.633679    0.108207
  86.2    0.655260    0.107489
  86.4    0.676675    0.106554
86.60000000000001    0.697882    0.105401
86.80000000000001    0.718836    0.104033
  87.0    0.739495    0.102452
  87.2    0.759817    0.100661
  87.4    0.779760    0.098663
87.60000000000001    0.799282    0.096462
87.80000000000001    0.818345    0.094063
  88.0    0.836908    0.091470
  88.2    0.854933    0.088689
  88.4    0.872384    0.085726
88.60000000000001    0.889224    0.082587
88.80000000000001    0.905419    0.079279
  89.0    0.920936    0.075808
  89.2    0.935743    0.072183
  89.4    0.949809    0.068410
89.60000000000001    0.963107    0.064497
89.80000000000001    0.975609    0.060453
  90.0    0.987289    0.056286
  90.2    0.998123    0.052004
  90.4    1.008091    0.047615
90.60000000000001    1.017170    0.043128
90.80000000000001    1.025342    0.038552
  91.0    1.032591    0.033895
  91.2    1.038901    0.029166
  91.4    1.044258    0.024373
91.60000000000001    1.048650    0.019526
91.80000000000001    1.052068    0.014632
  92.0    1.054503    0.009700
  92.2    1.055949    0.004738
  92.4    1.056399   -0.000244
92.60000000000001    1.055851   -0.005240
92.80000000000001    1.054304   -0.010241
  93.0    1.051756   -0.015238
  93.2    1.048209   -0.020225
  93.4    1.043666   -0.025193
93.60000000000001    1.038132   -0.030134
93.80000000000001    1.031613   -0.035042
  94.0    1.024116   -0.039909
  94.2    1.015649   -0.044728
  94.4    1.006225   -0.049492
94.60000000000001    0.995853   -0.054193
94.80000000000001    0.984548   -0.058826
  95.0    0.972323   -0.063384
  95.2    0.959195   -0.067860
  95.4    0.945179   -0.072249
95.60000000000001    0.930295   -0.076544
95.80000000000001    0.914562   -0.080740
  96.0    0.898000   -0.084831
  96.2    0.880630   -0.088812
  96.4    0.862475   -0.092678
96.60000000000001    0.843559   -0.096423
96.80000000000001    0.823906   -0.100044
  97.0    0.803542   -0.103535
  97.2    0.782492   -0.106893
  97.4    0.760785   -0.110114
97.60000000000001    0.738447   -0.113193
97.80000000000001    0.715508   -0.116128
  98.0    0.691996   -0.118916
  98.2    0.667942   -0.121553
  98.4    0.643375   -0.124037
98.60000000000001    0.618327   -0.126366
98.80000000000001    0.592829   -0.128538
  99.0    0.566912   -0.130551
  99.2    0.540609   -0.132404
  99.4    0.513951   -0.134095
99.60000000000001    0.486971   -0.135625
99.80000000000001    0.459701   -0.136992
 100.0    0.432174   -0.138196
 100.2    0.404422   -0.139238
 100.4    0.376479   -0.140117
100.60000000000001    0.348375   -0.140835
100.80000000000001    0.320145   -0.141392
 101.0    0.291819   -0.141789
 101.2    0.263429   -0.142029
 101.4    0.235007   -0.142112
101.60000000000001    0.206584   -0.142040
101.80000000000001    0.178191   -0.141816
 102.0    0.149858   -0.141441
 102.2    0.121615   -0.140919
 102.4    0.093490   -0.140252
102.60000000000001    0.065514   -0.139442
102.80000000000001    0.037713   -0.138494
 103.0    0.010116   -0.137409
 103.2   -0.017251   -0.136192
 103.4   -0.044361   -0.134845
103.60000000000001   -0.071189   -0.133372
103.80000000000001   -0.097710   -0.131777
 104.0   -0.123900   -0.130063
 104.2   -0.149735   -0.128234
 104.4   -0.175193   -0.126294
104.60000000000001   -0.200253   -0.124247
104.80000000000001   -0.224892   -0.122096
 105.0   -0.249091   -0.119845
 105.2   -0.272831   -0.117500
 105.4   -0.296091   -0.115062
105.60000000000001   -0.318856   -0.112538
105.80000000000001   -0.341107   -0.109929
 106.0   -0.362828   -0.107242
 106.2   -0.384004   -0.104479
 106.4   -0.404620   -0.101645
106.60000000000001   -0.424662   -0.098744
106.80000000000001   -0.444117   -0.095779
 107.0   -0.462974   -0.092756
 107.2   -0.481220   -0.089678
 107.4   -0.498845   -0.086550
107.60000000000001   -0.515840   -0.083375
107.80000000000001   -0.532195   -0.080157
 108.0   -0.547903   -0.076901
 108.2   -0.562956   -0.073611
 108.4   -0.577348   -0.070292
108.60000000000001   -0.591073   -0.066946
108.80000000000001   -0.604127   -0.063579
 109.0   -0.616505   -0.060195
 109.2   -0.628205   -0.056797
 109.4   -0.639224   -0.053391
109.60000000000001   -0.649561   -0.049980
109.80000000000001   -0.659217   -0.046569
 110.0   -0.668190   -0.043163
 110.2   -0.676482   -0.039764
 110.4   -0.684095   -0.036378
110.60000000000001   -0.691033   -0.033010
110.80000000000001   -0.697300   -0.029663
 111.0   -0.702899   -0.026342
 111.2   -0.707837   -0.023051
 111.4   -0.712120   -0.019795
111.60000000000001   -0.715755   -0.016579
111.80000000000001   -0.718751   -0.013405
 112.0   -0.721117   -0.010280
 112.2   -0.722864   -0.007207
 112.4   -0.724001   -0.004191
112.60000000000001   -0.724540   -0.001236
112.80000000000001   -0.724495    0.001654
 113.0   -0.723879    0.004474
 113.2   -0.722706    0.007221
 113.4   -0.720991    0.009890
113.60000000000001   -0.718750    0.012477
113.80000000000001   -0.716001    0.014978
 114.0   -0.712759    0.017390
 114.2   -0.709045    0.019709
 114.4   -0.704876    0.021931
114.60000000000001   -0.700273    0.024053
114.80000000000001   -0.695255    0.026072
 115.0   -0.689844    0.027984
 115.2   -0.684061    0.029787
 115.4   -0.677929    0.031479
115.60000000000001   -0.671470    0.033056
115.80000000000001   -0.664707    0.034516
 116.0   -0.657664    0.035858
 116.2   -0.650364    0.037080
 116.4   -0.642832    0.038180
116.60000000000001   -0.635092    0.039156
116.80000000000001   -0.627169    0.040009
 117.0   -0.619089    0.040737
 117.2   -0.610875    0.041341
 117.4   -0.602552    0.041819
117.60000000000001   -0.594147    0.042172
117.80000000000001   -0.585684    0.042401
 118.0   -0.577187    0.042506
 118.2   -0.568681    0.042489
 118.4   -0.560191    0.042351
118.60000000000001   -0.551741    0.042094
118.80000000000001   -0.543353    0.041719
 119.0   -0.535053    0.041230
 119.2   -0.526861    0.040628
 119.4   -0.518801    0.039917
119.60000000000001   -0.510895    0.039099
119.80000000000001   -0.503162    0.038178
 120.0   -0.495623    0.037158
 120.2   -0.488298    0.036042
 120.4   -0.481206    0.034836
120.60000000000001   -0.474364    0.033542
120.80000000000001   -0.467789    0.032165
 121.0   -0.461498    0.030711
 121.2   -0.455504    0.029185
 121.4   -0.449824    0.027590
121.60000000000001   -0.444468    0.025933
121.80000000000001   -0.439450    0.024218
 122.0   -0.434781    0.022452
 122.2   -0.430469    0.020640
 122.4   -0.426525    0.018787
122.60000000000001   -0.422954    0.016900
122.80000000000001   -0.419764    0.014983
 123.0   -0.416961    0.013044
 123.2   -0.414547    0.011087
 123.4   -0.412525    0.009119
123.60000000000001   -0.410899    0.007146
123.80000000000001   -0.409667    0.005173
 124.0   -0.408829    0.003207
 124.2   -0.408384    0.001253
 124.4   -0.408328   -0.000683
124.60000000000001   -0.408657   -0.002595
124.80000000000001   -0.409366   -0.004478
 125.0   -0.410448   -0.006326
 125.2   -0.411896   -0.008133
 125.4   -0.413701   -0.009894
125.60000000000001   -0.415853   -0.011604
125.80000000000001   -0.418342   -0.013259
 126.0   -0.421156   -0.014852
 126.2   -0.424283   -0.016379
 126.4   -0.427708   -0.017835
126.60000000000001   -0.431417   -0.019217
126.80000000000001   -0.435394   -0.020520
 127.0   -0.439624   -0.021739
 127.2   -0.444090   -0.022872
 127.4   -0.448773   -0.023914
127.60000000000001   -0.453655   -0.024862
127.80000000000001   -0.458718   -0.025713
 128.0   -0.463940   -0.026464
128.20000000000002   -0.469303   -0.027113
 128.4   -0.474785   -0.027657
 128.6   -0.480366   -0.028093
 128.8   -0.486023   -0.028421
 129.0   -0.491734   -0.028639
129.20000000000002   -0.497478   -0.028744
 129.4   -0.503232   -0.028737
 129.6   -0.508973   -0.028616
 129.8   -0.514678   -0.028381
 130.0   -0.520325   -0.028032
130.20000000000002   -0.525891   -0.027568
 130.4   -0.531353   -0.026991
 130.6   -0.536687   -0.026299
 130.8   -0.541872   -0.025495
 131.0   -0.546885   -0.024579
131.20000000000002   -0.551704   -0.023552
 131.4   -0.556306   -0.022416
 131.6   -0.560671   -0.021173
 131.8   -0.564776   -0.019824
 132.0   -0.568600   -0.018372
132.20000000000002   -0.572124   -0.016818
 132.4   -0.575328   -0.015166
 132.6   -0.578191   -0.013417
 132.8   -0.580695   -0.011575
 133.0   -0.582821   -0.009642
133.20000000000002   -0.584552   -0.007622
 133.4   -0.585870   -0.005517
 133.6   -0.586759   -0.003331
 133.8   -0.587202   -0.001067
 134.0   -0.587186    0.001271
134.20000000000002   -0.586694    0.003680
 134.4   -0.585714    0.006156
 134.6   -0.584232    0.008695
 134.8   -0.582236    0.011294
 135.0   -0.579715    0.013950
135.20000000000002   -0.576656    0.016657
 135.4   -0.573052    0.019413
 135.6   -0.568891    0.022214
 135.8   -0.564167    0.025055
 136.0   -0.558870    0.027933
136.20000000000002   -0.552994    0.030843
 136.4   -0.546532    0.033783
 136.6   -0.539481    0.036747
 136.8   -0.531834    0.039733
 137.0   -0.523588    0.042735
137.20000000000002   -0.514740    0.045750
 137.4   -0.505288    0.048775
 137.6   -0.495230    0.051804
 137.8   -0.484566    0.054835
 138.0   -0.473297    0.057862
138.20000000000002   -0.461422    0.060883
 138.4   -0.448944    0.063893
 138.6   -0.435865    0.066888
 138.8   -0.422189    0.069864
 139.0   -0.407919    0.072817
139.20000000000002   -0.393062    0.075743
 139.4   -0.377622    0.078638
 139.6   -0.361607    0.081498
 139.8   -0.345023    0.084318
 140.0   -0.327880    0.087095
140.20000000000002   -0.310185    0.089824
 140.4   -0.291950    0.092502
 140.6   -0.273185    0.095123
 140.8   -0.253901    0.097684
 141.0   -0.234112    0.100181
141.20000000000002   -0.213829    0.102608
 141.4   -0.193068    0.104963
 141.6   -0.171844    0.107241
 141.8   -0.150172    0.109436
 142.0   -0.128070    0.111546
142.20000000000002   -0.105554    0.113566
 142.4   -0.082644    0.115491
 142.6   -0.059358    0.117318
 142.8   -0.035717    0.119042
 143.0   -0.011741    0.120658
143.20000000000002    0.012547    0.122164
 143.4    0.037124    0.123555
 143.6    0.061968    0.124826
 143.8    0.087055    0.125975
 144.0    0.112358    0.126997
144.20000000000002    0.137853    0.127889
 144.4    0.163513    0.128647
 144.6    0.189312    0.129268
 144.8    0.215221    0.129750
 145.0    0.241212    0.130088
145.20000000000002    0.267256    0.130281
 145.4    0.293324    0.130326
 145.6    0.319386    0.130220
 145.8    0.345412    0.129962
 146.0    0.371371    0.129550
146.20000000000002    0.397232    0.128983
 146.4    0.422964    0.128258
 146.6    0.448535    0.127377
 146.8    0.473915    0.126337
 147.0    0.499070    0.125140
147.20000000000002    0.523970    0.123784
 147.4    0.548584    0.122270
 147.6    0.572879    0.120600
 147.8    0.596824    0.118774
 148.0    0.620388    0.116794
148.20000000000002    0.643541    0.114661
 148.4    0.666253    0.112378
 148.6    0.688493    0.109947
 148.8    0.710232    0.107371
 149.0    0.731441    0.104653
149.20000000000002    0.752093    0.101797
 149.4    0.772160    0.098806
 149.6    0.791616    0.095684
 149.8    0.810434    0.092436
 150.0    0.828591    0.089066
150.20000000000002    0.846061    0.085580
 150.4    0.862823    0.081981
 150.6    0.878854    0.078276
 150.8    0.894134    0.074470
 151.0    0.908642    0.070569
151.20000000000002    0.922362    0.066579
 151.4    0.935274    0.062506
 151.6    0.947364    0.058356
 151.8    0.958617    0.054136
 152.0    0.969019    0.049852
152.20000000000002    0.978558    0.045511
 152.4    0.987224    0.041121
 152.6    0.995007    0.036687
 152.8    1.001899    0.032218
 153.0    1.007894    0.027720
153.20000000000002    1.012987    0.023200
 153.4    1.017175    0.018667
153.60000000000002    1.020455    0.014127
 153.8    1.022826    0.009588
 154.0    1.024290    0.005057
154.20000000000002    1.024849    0.000542
 154.4    1.024507   -0.003950
154.60000000000002    1.023270   -0.008411
 154.8    1.021143   -0.012833
 155.0    1.018137   -0.017210
155.20000000000002    1.014260   -0.021533
 155.4    1.009524   -0.025795
155.60000000000002    1.003942   -0.029989
 155.8    0.997529   -0.034108
 156.0    0.990300   -0.038144
156.20000000000002    0.982272   -0.042091
 156.4    0.973464   -0.045941
156.60000000000002    0.963895   -0.049688
 156.8    0.953589   -0.053325
 157.0    0.942566   -0.056845
157.20000000000002    0.930851   -0.060243
 157.4    0.918469   -0.063513
157.60000000000002    0.905446   -0.066649
 157.8    0.891810   -0.069645
 158.0    0.877588   -0.072496
158.20000000000002    0.862811   -0.075199
 158.4    0.847509   -0.077747
158.60000000000002    0.831713   -0.080137
 158.8    0.815455   -0.082366
 159.0    0.798767   -0.084430
159.20000000000002    0.781683   -0.086327
 159.4    0.764236   -0.088053
159.60000000000002    0.746462   -0.089607
 159.8    0.728393   -0.090987
 160.0    0.710067   -0.092193
160.20000000000002    0.691516   -0.093223
 160.4    0.672778   -0.094078
160.60000000000002    0.653885   -0.094757
 160.8    0.634875   -0.095262
 161.0    0.615780   -0.095594
161.20000000000002    0.596637   -0.095754
 161.4    0.577479   -0.095745
161.60000000000002    0.558339   -0.095570
 161.8    0.539251   -0.095230
 162.0    0.520247   -0.094731
162.20000000000002    0.501358   -0.094075
 162.4    0.482617   -0.093266
162.60000000000002    0.464052   -0.092310
 162.8    0.445692   -0.091212
 163.0    0.427567   -0.089975
163.20000000000002    0.409702   -0.088606
 163.4    0.392124   -0.087111
163.60000000000002    0.374857   -0.085496
 163.8    0.357926   -0.083766
 164.0    0.341351   -0.081928
164.20000000000002    0.325154   -0.079989
 164.4    0.309355   -0.077955
164.60000000000002    0.293972   -0.075833
 164.8    0.279021   -0.073630
 165.0    0.264519   -0.071352
165.20000000000002    0.250480   -0.069008
 165.4    0.236916   -0.066603
165.60000000000002    0.223839   -0.064145
 165.8    0.211258   -0.061641
 166.0    0.199182   -0.059097
166.20000000000002    0.187618   -0.056522
 166.4    0.176573   -0.053921
166.60000000000002    0.166050   -0.051302
 166.8    0.156052   -0.048671
 167.0    0.146581   -0.046035
167.20000000000002    0.137637   -0.043401
 167.4    0.129220   -0.040775
167.60000000000002    0.121327   -0.038164
 167.8    0.113954   -0.035573
 168.0    0.107098   -0.033009
168.20000000000002    0.100750   -0.030478
 168.4    0.094906   -0.027986
168.60000000000002    0.089556   -0.025538
 168.8    0.084690   -0.023140
 169.0    0.080299   -0.020797
169.20000000000002    0.076371   -0.018515
 169.4    0.072893   -0.016298
169.60000000000002    0.069852   -0.014151
 169.8    0.067233   -0.012080
 170.0    0.065020   -0.010087
170.20000000000002    0.063198   -0.008178
 170.4    0.061748   -0.006357
170.60000000000002    0.060654   -0.004627
 170.8    0.059897   -0.002993
 171.0    0.059457   -0.001457
171.20000000000002    0.059314   -0.000023
 171.4    0.059448    0.001307
171.60000000000002    0.059837    0.002529
 171.8    0.060459    0.003641
 172.0    0.061293    0.004640
172.20000000000002    0.062315    0.005526
 172.4    0.063503    0.006295
172.60000000000002    0.064833    0.006947
 172.8    0.066282    0.007480
 173.0    0.067825    0.007893
173.20000000000002    0.069439    0.008185
 173.4    0.071100    0.008356
173.60000000000002    0.072782    0.008406
 173.8    0.074462    0.008333
 174.0    0.076115    0.008140
174.20000000000002    0.077718    0.007825
 174.4    0.079245    0.007390
174.60000000000002    0.080674    0.006836
 174.8    0.081980    0.006164
 175.0    0.083139    0.005375
175.20000000000002    0.084130    0.004470
 175.4    0.084928    0.003453
175.60000000000002    0.085511    0.002325
 175.8    0.085858    0.001088
 176.0    0.085946   -0.000256
176.20000000000002    0.085755   -0.001703
 176.4    0.085265   -0.003250
176.60000000000002    0.084456   -0.004895
 176.8    0.083307   -0.006634
 177.0    0.081802   -0.008464
177.20000000000002    0.079922   -0.010380
 177.4    0.077650   -0.012380
177.60000000000002    0.074970   -0.014458
 177.8    0.071867   -0.016612
 178.0    0.068326   -0.018836
178.20000000000002    0.064333   -0.021126
 178.4    0.059876   -0.023477
178.60000000000002    0.054942   -0.025885
 178.8    0.049522   -0.028345
 179.0    0.043604   -0.030852
179.20000000000002    0.037181   -0.033400
 179.4    0.030245   -0.035984
179.60000000000002    0.022788   -0.038599
 179.8    0.014805   -0.041240
 180.0    0.006292   -0.043900
180.20000000000002   -0.002755   -0.046574
 180.4   -0.012337   -0.049256
180.60000000000002   -0.022457   -0.051941
 180.8   -0.033113   -0.054621
 181.0   -0.044305   -0.057292
181.20000000000002   -0.056030   -0.059947
 181.4   -0.068284   -0.062580
181.60000000000002   -0.081062   -0.065184
 181.8   -0.094357   -0.067754
 182.0   -0.108163   -0.070282
182.20000000000002   -0.122470   -0.072762
 182.4   -0.137267   -0.075189
182.60000000000002   -0.152545   -0.077555
 182.8   -0.168289   -0.079854
 183.0   -0.184486   -0.082079
183.20000000000002   -0.201120   -0.084226
 183.4   -0.218176   -0.086286
183.60000000000002   -0.235634   -0.088254
 183.8   -0.253477   -0.090124
 184.0   -0.271684   -0.091889
184.20000000000002   -0.290233   -0.093544
 184.4   -0.309101   -0.095084
184.60000000000002   -0.328266   -0.096502
 184.8   -0.347702   -0.097793
 185.0   -0.367383   -0.098952
185.20000000000002   -0.387282   -0.099974
 185.4   -0.407372   -0.100855
185.60000000000002   -0.427624   -0.101590
 185.8   -0.448008   -0.102175
 186.0   -0.468494   -0.102607
186.20000000000002   -0.489051   -0.102881
 186.4   -0.509646   -0.102996
186.60000000000002   -0.530249   -0.102949
 186.8   -0.550826   -0.102737
 187.0   -0.571344   -0.102358
187.20000000000002   -0.591769   -0.101812
 187.4   -0.612069   -0.101097
187.60000000000002   -0.632208   -0.100212
 187.8   -0.652154   -0.099159
 188.0   -0.671872   -0.097937
188.20000000000002   -0.691328   -0.096546
 188.4   -0.710490   -0.094989
188.60000000000002   -0.729324   -0.093267
 188.8   -0.747797   -0.091382
 189.0   -0.765877   -0.089337
189.20000000000002   -0.783532   -0.087135
 189.4   -0.800731   -0.084779
189.60000000000002   -0.817444   -0.082273
 189.8   -0.833641   -0.079621
 190.0   -0.849293   -0.076827
190.20000000000002   -0.864372   -0.073897
 190.4   -0.878852   -0.070836
190.60000000000002   -0.892707   -0.067649
 190.8   -0.905912   -0.064341
 191.0   -0.918443   -0.060919
191.20000000000002   -0.930280   -0.057389
 191.4   -0.941399   -0.053758
191.60000000000002   -0.951783   -0.050031
 191.8   -0.961412   -0.046216
 192.0   -0.970270   -0.042320
192.20000000000002   -0.978341   -0.038349
 192.4   -0.985610   -0.034311
192.60000000000002   -0.992065   -0.030213
 192.8   -0.997696   -0.026063
 193.0   -1.002491   -0.021867
193.20000000000002   -1.006443   -0.017633
 193.4   -1.009544   -0.013368
193.60000000000002   -1.011790   -0.009081
 193.8   -1.013177   -0.004777
 194.0   -1.013702   -0.000466
194.20000000000002   -1.013364    0.003847
 194.4   -1.012163    0.008153
194.60000000000002   -1.010103    0.012445
 194.8   -1.007185    0.016717
 195.0   -1.003416    0.020961
195.20000000000002   -0.998801    0.025170
 195.4   -0.993349    0.029337
195.60000000000002   -0.987067    0.033455
 195.8   -0.979967    0.037518
 196.0   -0.972060    0.041519
196.20000000000002   -0.963360    0.045453
 196.4   -0.953880    0.049311
196.60000000000002   -0.943635    0.053090
 196.8   -0.932644    0.056782
 197.0   -0.920923    0.060383
197.20000000000002   -0.908491    0.063886
 197.4   -0.895369    0.067287
197.60000000000002   -0.881577    0.070581
 197.8   -0.867137    0.073762
 198.0   -0.852072    0.076827
198.20000000000002   -0.836406    0.079772
 198.4   -0.820164    0.082592
198.60000000000002   -0.803370    0.085284
 198.8   -0.786050    0.087845
 199.0   -0.768232    0.090271
199.20000000000002   -0.749942    0.092561
 199.4   -0.731208    0.094711
199.60000000000002   -0.712058    0.096720
 199.8   -0.692520    0.098586
 200.0   -0.672623    0.100308
200.20000000000002   -0.652397    0.101885
 200.4   -0.631869    0.103316
200.60000000000002   -0.611070    0.104601
 200.8   -0.590029    0.105741
 201.0   -0.568774    0.106734
201.20000000000002   -0.547335    0.107583
 201.4   -0.525741    0.108288
201.60000000000002   -0.504020    0.108851
 201.8   -0.482200    0.109273
 202.0   -0.460310    0.109556
202.20000000000002   -0.438378    0.109703
 202.4   -0.416429    0.109716
202.60000000000002   -0.394491    0.109597
 202.8   -0.372590    0.109350
 203.0   -0.350751    0.108978
203.20000000000002   -0.328999    0.108484
 203.4   -0.307358    0.107873
203.60000000000002   -0.285850    0.107147
 203.8   -0.264499    0.106311
 204.0   -0.243326    0.105368
204.20000000000002   -0.222351    0.104324
 204.4   -0.201596    0.103182
204.60000000000002   -0.181078    0.101947
 204.8   -0.160817    0.100623
 205.0   -0.140829    0.099215
205.20000000000002   -0.121130    0.097728
 205.4   -0.101737    0.096165
205.60000000000002   -0.082664    0.094532
 205.8   -0.063924    0.092834
 206.0   -0.045530    0.091074
206.20000000000002   -0.027494    0.089258
 206.4   -0.009827    0.087391
206.60000000000002    0.007462    0.085476
 206.8    0.024364    0.083519
 207.0    0.040870    0.081523
207.20000000000002    0.056973    0.079494
 207.4    0.072668    0.077436
207.60000000000002    0.087948    0.075352
 207.8    0.102809    0.073248
 208.0    0.117248    0.071128
208.20000000000002    0.131260    0.068994
 208.4    0.144845    0.066852
208.60000000000002    0.158002    0.064706
 208.8    0.170728    0.062559
 209.0    0.183025    0.060415
209.20000000000002    0.194894    0.058277
 209.4    0.206336    0.056150
209.60000000000002    0.217354    0.054036
 209.8    0.227951    0.051940
 210.0    0.238130    0.049863
210.20000000000002    0.247896    0.047811
 210.4    0.257255    0.045784
210.60000000000002    0.266210    0.043788
 210.8    0.274770    0.041824
 211.0    0.282940    0.039895
211.20000000000002    0.290728    0.038004
 211.4    0.298142    0.036154
211.60000000000002    0.305190    0.034347
 211.8    0.311881    0.032586
 212.0    0.318224    0.030872
212.20000000000002    0.324230    0.029208
 212.4    0.329908    0.027597
212.60000000000002    0.335269    0.026039
 212.8    0.340323    0.024537
 213.0    0.345084    0.023093
213.20000000000002    0.349561    0.021709
 213.4    0.353767    0.020385
213.60000000000002    0.357715    0.019123
 213.8    0.361416    0.017924
 214.0    0.364885    0.016791
214.20000000000002    0.368133    0.015723
 214.4    0.371174    0.014721
214.60000000000002    0.374021    0.013787
 214.8    0.376688    0.012920
 215.0    0.379189    0.012122
215.20000000000002    0.381537    0.011393
 215.4    0.383746    0.010732
215.60000000000002    0.385830    0.010141
 215.8    0.387803    0.009618
 216.0    0.389678    0.009165
216.20000000000002    0.391469    0.008779
 216.4    0.393189    0.008462
216.60000000000002    0.394853    0.008212
 216.8    0.396474    0.008028
 217.0    0.398065    0.007910
217.20000000000002    0.399638    0.007856
 217.4    0.401207    0.007866
217.60000000000002    0.402785    0.007937
 217.8    0.404382    0.008069
 218.0    0.406012    0.008260
218.20000000000002    0.407686    0.008507
 218.4    0.409415    0.008810
218.60000000000002    0.411210    0.009166
 218.8    0.413081    0.009572
 219.0    0.415039    0.010027
219.20000000000002    0.417092    0.010529
 219.4    0.419250    0.011074
219.60000000000002    0.421522    0.011660
 219.8    0.423914    0.012285
 220.0    0.426435    0.012945
220.20000000000002    0.429092    0.013638
 220.4    0.431890    0.014360
220.60000000000002    0.434836    0.015109
 220.8    0.437934    0.015882
 221.0    0.441189    0.016674
221.20000000000002    0.444604    0.017484
 221.4    0.448182    0.018307
221.60000000000002    0.451926    0.019141
 221.8    0.455838    0.019981
 222.0    0.459919    0.020824
222.20000000000002    0.464168    0.021668
 222.4    0.468586    0.022508
222.60000000000002    0.473171    0.023341
 222.8    0.477922    0.024163
 223.0    0.482836    0.024972
223.20000000000002    0.487910    0.025763
 223.4    0.493141    0.026533
223.60000000000002    0.498524    0.027279
 223.8    0.504053    0.027998
 224.0    0.509723    0.028686
224.20000000000002    0.515527    0.029340
 224.4    0.521458    0.029957
224.60000000000002    0.527509    0.030534
 224.8    0.533672    0.031068
 225.0    0.539936    0.031556
225.20000000000002    0.546294    0.031995
 225.4    0.552734    0.032384
225.60000000000002    0.559247    0.032718
 225.8    0.565821    0.032997
 226.0    0.572446    0.033217
226.20000000000002    0.579108    0.033378
 226.4    0.585797    0.033475
226.60000000000002    0.592499    0.033509
 226.8    0.599201    0.033478
 227.0    0.605890    0.033379
227.20000000000002    0.612552    0.033212
 227.4    0.619174    0.032975
227.60000000000002    0.625742    0.032669
 227.8    0.632242    0.032291
 228.0    0.638658    0.031841
228.20000000000002    0.644978    0.031319
 228.4    0.651186    0.030725
228.60000000000002    0.657268    0.030059
 228.8    0.663210    0.029320
 229.0    0.668996    0.028510
229.20000000000002    0.674613    0.027628
 229.4    0.680047    0.026675
229.60000000000002    0.685284    0.025652
 229.8    0.690308    0.024561
 230.0    0.695108    0.023402
230.20000000000002    0.699669    0.022176
 230.4    0.703979    0.020885
230.60000000000002    0.708023    0.019531
 230.8    0.711791    0.018115
 231.0    0.715269    0.016639
231.20000000000002    0.718447    0.015105
 231.4    0.721312    0.013515
231.60000000000002    0.723853    0.011872
 231.8    0.726060    0.010177
 232.0    0.727924    0.008433
232.20000000000002    0.729434    0.006642
 232.4    0.730581    0.004808
232.60000000000002    0.731357    0.002932
 232.8    0.731754    0.001017
 233.0    0.731764   -0.000935
233.20000000000002    0.731380   -0.002919
 233.4    0.730596   -0.004934
233.60000000000002    0.729407   -0.006978
 233.8    0.727805   -0.009046
 234.0    0.725788   -0.011136
234.20000000000002    0.723351   -0.013246
 234.4    0.720490   -0.015373
234.60000000000002    0.717202   -0.017514
 234.8    0.713485   -0.019665
 235.0    0.709336   -0.021825
235.20000000000002    0.704755   -0.023991
 235.4    0.699740   -0.026159
235.60000000000002    0.694291   -0.028327
 235.8    0.688409   -0.030494
 236.0    0.682094   -0.032655
236.20000000000002    0.675348   -0.034808
 236.4    0.668171   -0.036952
236.60000000000002    0.660567   -0.039084
 236.8    0.652538   -0.041200
 237.0    0.644087   -0.043300
237.20000000000002    0.635218   -0.045381
 237.4    0.625935   -0.047440
237.60000000000002    0.616242   -0.049476
 237.8    0.606145   -0.051486
 238.0    0.595648   -0.053469
238.20000000000002    0.584757   -0.055423
 238.4    0.573478   -0.057346
238.60000000000002    0.561818   -0.059237
 238.8    0.549784   -0.061093
 239.0    0.537382   -0.062913
239.20000000000002    0.524619   -0.064695
 239.4    0.511503   -0.066439
239.60000000000002    0.498043   -0.068143
 239.8    0.484246   -0.069805
 240.0    0.470121   -0.071425
